215
DenseVector(65.21919770773638, 711.6446991404011, 1.5616045845272206)
DenseVector(73.14505119453925, 324.2226962457338, 1.7841296928327646)
DenseVector(101.1480686695279, 7515.775751072962, -4.48175965665236)
DenseVector(344.21337579617835, 342.625796178344, 2.2038216560509554)
DenseVector(85.82729805013928, 2853.4818941504177, 0.9944289693593314)
DenseVector(39.13184198000952, 45.090909090909086, 2.549738219895288)
DenseVector(486.373665480427, 1170.3701067615657, 1.7473309608540923)
DenseVector(644.6396761133603, 7515.53036437247, -2.473684210526316)
DenseVector(277.0, 5416.763888888889, 0.3194444444444444)
DenseVector(154.31142857142856, 2075.3914285714286, 1.1828571428571428)
DenseVector(65.07722772277228, 174.58283828382838, 1.776897689768977)
DenseVector(2130.2448979591836, 3226.734693877551, 0.9795918367346939)
DenseVector(5536.186274509804, 437.22549019607845, -0.0392156862745098)
DenseVector(3212.6835443037976, 83.42088607594937, 1.7373417721518987)
DenseVector(82.29383886255924, 2379.5663507109007, 0.9905213270142181)
DenseVector(1426.9777777777779, 7522.674074074074, -1.7703703703703704)
DenseVector(88.36082474226804, 1773.7711340206185, 1.3216494845360824)
DenseVector(1329.21921182266, 73.83004926108374, 1.9310344827586208)
DenseVector(1128.5636363636363, 1120.7030303030303, 1.5757575757575757)
DenseVector(83.01573849878935, 516.9782082324456, 1.8401937046004844)
DenseVector(7501.408333333334, 517.4559523809525, 1.2880952380952382)
DenseVector(1865.4168466522679, 108.27645788336933, 1.6198704103671708)
DenseVector(2752.9864864864867, 1983.027027027027, 0.6621621621621622)
DenseVector(1145.5886287625417, 503.72909698996654, 1.7424749163879598)
DenseVector(693.4779411764706, 420.67892156862746, 2.1838235294117645)
DenseVector(7120.130952380952, 7346.72619047619, 0.047619047619047616)
DenseVector(3203.067415730337, 871.8876404494382, 1.943820224719101)
DenseVector(296.3308580858086, 80.08910891089108, 2.117161716171617)
DenseVector(750.8505338078292, 812.4306049822063, 1.9110320284697508)
DenseVector(1736.893442622951, 634.9303278688525, 1.5901639344262295)
DenseVector(2779.0981012658226, 130.2405063291139, 1.3829113924050633)
DenseVector(670.5798319327731, 1718.4033613445376, 1.3697478991596639)
DenseVector(803.6321839080459, 3204.206896551724, 0.9195402298850575)
DenseVector(68.47413793103448, 1155.558620689655, 1.6517241379310346)
DenseVector(389.62626262626264, 675.878787878788, 1.888888888888889)
DenseVector(75.86297376093295, 3277.865889212828, 0.8134110787172012)
DenseVector(675.5496503496504, 73.80699300699301, 2.0307692307692307)
DenseVector(106.9263502454992, 919.7103109656301, 1.7806873977086743)
DenseVector(478.29101796407184, 80.92335329341317, 2.0838323353293413)
DenseVector(1102.0949367088606, 73.31856540084388, 1.7299578059071727)
DenseVector(2478.8591549295775, 7470.408450704225, -1.8591549295774648)
DenseVector(2297.4855595667873, 102.09747292418773, 1.4133574007220218)
DenseVector(79.57685950413223, 1446.5603305785123, 1.543801652892562)
DenseVector(1393.2, 2326.1, 1.19)
DenseVector(885.5857605177994, 99.09870550161813, 1.9368932038834952)
DenseVector(2377.390532544379, 872.4142011834319, 1.4733727810650887)
DenseVector(1561.2522727272726, 100.4090909090909, 1.6636363636363636)
DenseVector(158.37744034707157, 47.76355748373102, 2.279826464208243)
DenseVector(1679.1290322580646, 1557.967741935484, 1.3290322580645162)
DenseVector(678.9681528662421, 2418.7643312101914, 1.178343949044586)
